MASSDIFF
Protein
G	A	S	P	V	T	C	L	I	N	D	Q	K	E	M	H	F	R	Y	W	-
10	-14	-30	-40	-42	-44	-46	-56	-56	-57	-58	-71	-71	-72	-74	-80	-90	-99	-106	-129	0
-14	10	-16	-26	-28	-30	-32	-42	-42	-43	-44	-57	-57	-58	-60	-66	-76	-85	-92	-115	0
-30	-16	10	-10	-12	-14	-16	-26	-26	-27	-28	-41	-41	-42	-44	-50	-60	-69	-76	-99	0
-40	-26	-10	10	-2	-4	-6	-16	-16	-17	-18	-31	-31	-32	-34	-40	-50	-59	-66	-89	0
-42	-28	-12	-2	10	-2	-4	-14	-14	-15	-16	-29	-29	-30	-32	-38	-48	-57	-64	-87	0
-44	-30	-14	-4	-2	10	-2	-12	-12	-13	-14	-27	-27	-28	-30	-36	-46	-55	-62	-85	0
-46	-32	-16	-6	-4	-2	10	-10	-10	-11	-12	-25	-25	-26	-28	-34	-44	-53	-60	-83	0
-56	-42	-26	-16	-14	-12	-10	10	10	-1	-2	-15	-15	-16	-18	-24	-34	-43	-50	-73	0
-56	-42	-26	-16	-14	-12	-10	10	10	-1	-2	-15	-15	-16	-18	-24	-34	-43	-50	-73	0
-57	-43	-27	-17	-15	-13	-11	-1	-1	10	-1	-14	-14	-15	-17	-23	-33	-42	-49	-72	0
-58	-44	-28	-18	-16	-14	-12	-2	-2	-1	10	-13	-13	-14	-16	-22	-32	-41	-48	-71	0
-71	-57	-41	-31	-29	-27	-25	-15	-15	-14	-13	10	10	-1	-3	-9	-19	-28	-35	-58	0
-71	-57	-41	-31	-29	-27	-25	-15	-15	-14	-13	10	10	-1	-3	-9	-19	-28	-35	-58	0
-72	-58	-42	-32	-30	-28	-26	-16	-16	-15	-14	-1	-1	10	-2	-8	-18	-27	-34	-57	0
-74	-60	-44	-34	-32	-30	-28	-18	-18	-17	-16	-3	-3	-2	10	-6	-16	-25	-32	-55	0
-80	-66	-50	-40	-38	-36	-34	-24	-24	-23	-22	-9	-9	-8	-6	10	-10	-19	-26	-49	0
-90	-76	-60	-50	-48	-46	-44	-34	-34	-33	-32	-19	-19	-18	-16	-10	10	-9	-16	-39	0
-99	-85	-69	-59	-57	-55	-53	-43	-43	-42	-41	-28	-28	-27	-25	-19	-9	10	-7	-30	0
-106	-92	-76	-66	-64	-62	-60	-50	-50	-49	-48	-35	-35	-34	-32	-26	-16	-7	10	-23	0
-129	-115	-99	-89	-87	-85	-83	-73	-73	-72	-71	-58	-58	-57	-55	-49	-39	-30	-23	10	0
0	0	0	0	0	0	0	0	0	0	0	0	0	0	0	0	0	0	0	0	0